154
144 184
166 154
231 104
297 162
350 218
227 219
346 258
373 267
402 256
392 295
401 298
435 286
407 252
379 251
365 241
355 227
373 224
378 209
373 188
368 140
335 171
327 165
256 149
230 103
144 178
90 183
16 201
66 272
126 356
113 286
87 255
61 203
105 214
141 202
126 238
164 252
133 267
114 277
131 288
140 306
113 265
193 258
154 235
146 224
143 218
141 202
126 238
164 251
135 267
114 277
132 288
141 307
156 312
173 316
204 320
222 327
257 309
212 296
188 295
152 302
172 280
192 291
259 271
234 226
219 217
210 208
215 197
226 205
249 228
234 261
256 250
284 258
295 262
289 278
283 295
274 314
285 313
289 320
301 328
314 329
324 324
312 316
302 306
307 282
321 267
313 267
303 266
295 261
288 278
284 296
274 313
285 311
288 319
299 327
313 330
324 323
313 315
301 306
307 282
321 265
328 265
342 262
349 257
373 267
403 256
392 293
401 298
436 285
407 252
380 251
366 240
370 236
375 231
380 227
388 223
393 227
400 237
412 244
422 244
426 235
433 231
442 229
450 226
453 208
458 204
477 203
474 195
466 185
449 187
448 173
438 158
425 150
398 156
384 163
372 165
360 162
378 179
371 204
390 193
378 208
382 214
397 231
413 176
398 236
421 219
420 210
413 209
407 208
395 182
414 202
425 197
429 190
430 186
423 181
154
144 184
166 154
228 120
281 160
345 214
291 225
323 245
362 293
402 256
364 307
380 325
402 304
406 280
379 251
365 241
362 230
376 208
367 217
373 188
365 151
332 185
327 173
256 149
228 114
144 178
91 183
18 166
42 242
61 281
72 259
64 236
51 192
96 203
141 202
126 238
161 261
133 267
114 277
131 288
140 306
113 265
179 267
154 237
148 228
143 218
141 202
126 238
164 251
135 267
114 277
132 288
141 307
156 312
173 316
204 320
222 327
257 309
212 296
183 296
164 300
175 293
192 291
242 276
234 226
226 218
217 208
222 191
233 201
242 233
227 265
256 250
284 258
288 264
292 278
289 292
280 306
283 317
290 326
301 328
314 329
320 331
310 319
302 313
310 294
321 273
310 267
302 272
288 264
292 278
290 292
279 307
285 317
291 324
299 327
313 330
319 330
310 321
301 306
311 294
321 271
327 273
335 268
344 263
354 279
408 268
364 308
379 325
402 306
406 281
380 251
366 240
373 243
375 240
380 230
387 223
391 231
400 244
412 252
422 251
425 244
433 239
442 237
450 232
452 217
460 210
478 208
474 200
466 191
449 196
447 182
437 174
425 160
405 165
384 168
372 170
359 170
379 178
368 218
390 193
378 208
382 214
394 236
407 190
398 242
419 228
415 221
412 216
402 219
396 191
412 213
425 206
431 204
432 197
423 190
154
140 178
158 168
215 115
281 160
345 214
291 225
317 251
350 295
385 274
341 305
361 312
380 304
388 294
403 285
353 246
356 234
376 208
367 217
373 188
364 161
333 176
324 163
256 149
216 117
144 178
91 178
47 163
27 198
26 240
38 231
49 205
62 184
96 197
141 202
126 238
161 261
133 267
114 277
131 288
140 306
113 265
179 267
154 237
148 228
143 218
141 202
126 238
164 251
135 267
114 277
132 288
141 307
156 312
173 316
204 320
222 327
257 309
212 296
183 296
164 300
180 284
199 280
242 276
234 226
234 214
210 212
213 194
230 202
242 233
231 257
256 250
284 258
294 266
289 278
283 295
274 314
285 313
289 320
301 328
314 329
324 324
312 316
302 306
307 282
316 272
310 267
302 272
294 266
288 278
284 296
274 313
285 311
288 319
299 327
313 330
324 323
313 315
301 306
307 282
318 270
323 269
335 268
335 267
347 284
386 282
342 304
355 319
379 304
387 295
404 285
356 241
363 247
378 252
376 225
388 237
388 236
400 243
408 256
421 258
426 254
433 246
442 244
451 239
453 226
453 211
477 216
474 211
466 201
450 200
442 189
433 176
424 165
400 169
382 174
369 176
358 174
379 178
368 218
391 202
378 208
382 224
388 236
405 205
410 249
418 237
414 235
408 225
400 225
397 202
412 219
426 214
432 212
433 207
422 196
